[gd_scene load_steps=8 format=2]

[ext_resource path="res://SensorWithText.tscn" type="PackedScene" id=1]
[ext_resource path="res://Nathan.tscn" type="PackedScene" id=2]
[ext_resource path="res://main.gd" type="Script" id=3]
[ext_resource path="res://Assets/rp_nathan_animated_003_walking_FBX/tex/rp_nathan_animated_003_dif.jpg" type="Texture" id=4]
[ext_resource path="res://Carla.tscn" type="PackedScene" id=5]
[ext_resource path="res://Eric.tscn" type="PackedScene" id=6]

[sub_resource type="SpatialMaterial" id=1]
albedo_texture = ExtResource( 4 )

[node name="Spatial" type="Spatial"]
script = ExtResource( 3 )

[node name="Nathan" parent="." instance=ExtResource( 2 )]
transform = Transform( 1, 0, 0, 0, 1, 0, 0, 0, 1, -0.368478, 0, 0 )

[node name="SensorWithText" parent="." instance=ExtResource( 1 )]

[node name="rp_eric_rigged_001_u3d" parent="." instance=ExtResource( 6 )]
transform = Transform( -0.127601, 0, 0.991826, 0, 1, 0, -0.991826, 0, -0.127601, -1.06113, 0, 0 )

[node name="rp_carla_rigged_001_ue4" parent="." instance=ExtResource( 5 )]
transform = Transform( 0.067876, 0, -0.997694, 0, 1, 0, 0.997694, 0, 0.067876, 0.681761, 0, 0 )

[node name="Camera" type="Camera" parent="."]
transform = Transform( 1, 0, 0, 0, 0.895696, 0.444666, 0, -0.444666, 0.895696, -0.0199885, 1.81359, 1.67003 )

[node name="SpotLight" type="SpotLight" parent="."]
transform = Transform( 1, 0, 0, 0, 1, 0, 0, 0, 1, -0.310965, 1.00758, 4.31722 )
light_color = Color( 1, 1, 0, 1 )
light_specular = 7.443
shadow_enabled = true
spot_range = 8.70635
spot_angle = 10.5383

[node name="CSGBox" type="CSGBox" parent="."]
transform = Transform( 1, 0, 0, 0, 1, 0, 0, 0, 1, 0, -0.0084582, 0 )
height = 0.003
material = SubResource( 1 )
